20<-10->30
40<-20->50
.<-40->.
80<-50->90
.<-80->.
.<-90->.
60<-30->70
100<-60->.
.<-100->.
110<-70->120
.<-110->.
.<-120->.
10 20 40 80 
10 30 70 120 
[40]
[20, 80, 100]
[10, 50, 60]
[30, 90, 110]
[70]
[120]

40
200
120
230
70
120

40
100
60
110
70
120

40
20
10
30
70
120

